  VERSION :              1
    LIMIT :           1000
      SUM :         233168
 CPU TIME : 3.2400000E-005

  VERSION :              2
    LIMIT :           1000
      SUM :         233168
 CPU TIME : 3.2300000E-005

  VERSION :              3
    LIMIT :           1000
      SUM :         233168
 CPU TIME : 1.0000000E-007

