  VERSION :              1
    LIMIT :        4000000
      SUM :        4613732
 CPU TIME : 3.1744800E-002

  VERSION :              2
    LIMIT :        4000000
      SUM :        4613732
 CPU TIME : 5.0000000E-006

  VERSION :              3
    LIMIT :        4000000
      SUM :        4613732
 CPU TIME : 0.0000000E+000

