  VERSION :              1
    LIMIT :        4000000
      SUM :        4613732
 CPU TIME : 2.9169000E-002

  VERSION :              2
    LIMIT :        4000000
      SUM :        4613732
 CPU TIME : 5.1000000E-006

  VERSION :              3
    LIMIT :        4000000
      SUM :        4613732
 CPU TIME : 1.0000000E-007

