  VERSION :              1
   TARGET :             10
   RESULT :           2520
 CPU TIME : 9.0000000E-007

  VERSION :              2
   TARGET :             10
   RESULT :           2520
 CPU TIME : 5.0000000E-007

