  VERSION :              1
   TARGET :             10
   RESULT :           2520
 CPU TIME : 1.9000000E-006

  VERSION :              2
   TARGET :             10
   RESULT :           2520
 CPU TIME : 1.1000000E-006

