  VERSION :              1
   TARGET :             20
   RESULT :      232792560
 CPU TIME : 2.3000000E-006

  VERSION :              2
   TARGET :             20
   RESULT :      232792560
 CPU TIME : 1.8000000E-006

