  VERSION :              1
     KIND :          INT64
    LIMIT :         100001
   RESULT :        1299721
 CPU TIME : 2.8475150E-001

  VERSION :              2
     KIND :          INT64
    LIMIT :         100001
   RESULT :        1299721
 CPU TIME : 4.6266800E+001

  VERSION :              3
     KIND :          INT64
    LIMIT :         100001
   RESULT :        1299721
 CPU TIME : 4.3390576E+001

