 VERSION :              1
    KIND :          INT64
  TARGET :   600851475143
  RESULT :           6857
CPU TIME : 8.1800000E-005

 VERSION :              2
    KIND :          INT64
  TARGET :   600851475143
  RESULT :           6857
CPU TIME : 6.0900000E-005

 VERSION :              3
    KIND :          INT64
  TARGET :   600851475143
  RESULT :           6857
CPU TIME : 1.5800000E-005

