 VERSION :              1
    KIND :          INT64
  TARGET :          13195
  RESULT :             29
CPU TIME : 1.4000000E-006

 VERSION :              2
    KIND :          INT64
  TARGET :          13195
  RESULT :             29
CPU TIME : 7.0000000E-007

 VERSION :              3
    KIND :          INT64
  TARGET :          13195
  RESULT :             29
CPU TIME : 7.0000000E-007

