 VERSION :              1
  TARGET :          13195
  RESULT :             29
CPU TIME : 9.0000000E-007

 VERSION :              2
  TARGET :          13195
  RESULT :             29
CPU TIME : 5.0000000E-007

 VERSION :              3
  TARGET :          13195
  RESULT :             29
CPU TIME : 1.3000000E-006

