 VERSION :              1
  TARGET :   600851475143
  RESULT :           6857
CPU TIME : 8.2773157E-005

 VERSION :              2
  TARGET :   600851475143
  RESULT :           6857
CPU TIME : 4.0959913E-005

 VERSION :              3
  TARGET :   600851475143
  RESULT :           6857
CPU TIME : 9.8133124E-006

