 VERSION :              1
  TARGET :   600851475143
  RESULT :           6857
CPU TIME : 9.7000000E-005

 VERSION :              2
  TARGET :   600851475143
  RESULT :           6857
CPU TIME : 3.9600000E-005

 VERSION :              3
  TARGET :   600851475143
  RESULT :           6857
CPU TIME : 9.3000000E-006

