  VERSION :              1
     KIND :          INT32
   TARGET :             10
   RESULT :           2640
 CPU TIME : 4.0000000E-007

  VERSION :              2
     KIND :          INT32
   TARGET :             10
   RESULT :           2640
 CPU TIME : 1.0000000E-007

