  VERSION :              1
     KIND :          INT32
   TARGET :            100
   RESULT :       25164150
 CPU TIME : 7.0000000E-007

  VERSION :              2
     KIND :          INT32
   TARGET :            100
   RESULT :       25164150
 CPU TIME : 1.0000000E-007

