  VERSION :              1
     KIND :          INT64
   TARGET :             10
   RESULT :           2640
 CPU TIME : 5.0000000E-007

  VERSION :              2
     KIND :          INT64
   TARGET :             10
   RESULT :           2640
 CPU TIME : 1.0000000E-007

