  VERSION :                   1
   DIGITS :                  13
   RESULT :         23514624000
 CPU TIME :      1.5650000E-003

  VERSION :                   2
   DIGITS :                  13
   RESULT :         23514624000
 CPU TIME :      1.4693000E-003

